########################## (1) FedAvg ##########################

[SUMMARY]
Run finished 10 round(s) in 31.84s
    History (loss, distributed):
            round 1: 0.020410384889253456
            round 2: 0.015054819356866497
            round 3: 0.013782451609134955
            round 4: 0.01328328572611326
            round 5: 0.012929043267653258
            round 6: 0.012616620461194772
            round 7: 0.011825659445353917
            round 8: 0.01172978575290232
            round 9: 0.011685310914861023
            round 10: 0.011532188959717984
    History (metrics, distributed, evaluate):
    {'accuracy': [(1, 0.89021),
                  (2, 0.88228),
                  (3, 0.8695),
                  (4, 0.8679),
                  (5, 0.8695),
                  (6, 0.8679),
                  (7, 0.86167),
                  (8, 0.86795),
                  (9, 0.86636),
                  (10, 0.86955)],
     'auc': [(1, 0.89715),
             (2, 0.82996),
             (3, 0.81903),
             (4, 0.81767),
             (5, 0.81903),
             (6, 0.80012),
             (7, 0.7699),
             (8, 0.79187),
             (9, 0.7905),
             (10, 0.79323)],
     'f1_score': [(1, 0.84644),
                  (2, 0.81005),
                  (3, 0.79595),
                  (4, 0.79414),
                  (5, 0.79595),
                  (6, 0.78523),
                  (7, 0.73806),
                  (8, 0.77264),
                  (9, 0.77083),
                  (10, 0.77444)],
     'fallout': [(1, 0.10188),
                 (2, 0.08797),
                 (3, 0.08797),
                 (4, 0.08797),
                 (5, 0.08797),
                 (6, 0.08462),
                 (7, 0.08462),
                 (8, 0.08462),
                 (9, 0.08462),
                 (10, 0.08462)],
     'missrate': [(1, 0.10383),
                  (2, 0.2521),
                  (3, 0.27396),
                  (4, 0.27669),
                  (5, 0.27396),
                  (6, 0.31515),
                  (7, 0.37558),
                  (8, 0.33165),
                  (9, 0.33438),
                  (10, 0.32892)],
     'precision': [(1, 0.8139),
                   (2, 0.88448),
                   (3, 0.88095),
                   (4, 0.88049),
                   (5, 0.88095),
                   (6, 0.9281),
                   (7, 0.92763),
                   (8, 0.92857),
                   (9, 0.9281),
                   (10, 0.92903)],
     'recall': [(1, 0.89617),
                (2, 0.7479),
                (3, 0.72604),
                (4, 0.72331),
                (5, 0.72604),
                (6, 0.68485),
                (7, 0.62442),
                (8, 0.66835),
                (9, 0.66562),
                (10, 0.67108)]}


########################## (2) FedAvgM ##########################

[SUMMARY]
Run finished 10 round(s) in 32.25s
    History (loss, distributed):
            round 1: 0.020410384889253456
            round 2: 0.015054818899246456
            round 3: 0.03436157921419787
            round 4: 0.04793085263723294
            round 5: 0.057396671543222394
            round 6: 0.08437829711467168
            round 7: 0.07539954155777089
            round 8: 0.09045607166209813
            round 9: 0.09351865240786476
            round 10: 0.09707319978595341
    History (metrics, distributed, evaluate):
    {'accuracy': [(1, 0.89021),
                  (2, 0.90816),
                  (3, 0.87248),
                  (4, 0.90448),
                  (5, 0.88702),
                  (6, 0.84895),
                  (7, 0.87053),
                  (8, 0.8669),
                  (9, 0.89351),
                  (10, 0.89511)],
     'auc': [(1, 0.89715),
             (2, 0.85846),
             (3, 0.88054),
             (4, 0.90839),
             (5, 0.85109),
             (6, 0.81481),
             (7, 0.78461),
             (8, 0.79466),
             (9, 0.83894),
             (10, 0.84031)],
     'f1_score': [(1, 0.84644),
                  (2, 0.78638),
                  (3, 0.84486),
                  (4, 0.87286),
                  (5, 0.82922),
                  (6, 0.76468),
                  (7, 0.67458),
                  (8, 0.71626),
                  (9, 0.816),
                  (10, 0.81762)],
     'fallout': [(1, 0.10188),
                 (2, 0.01174),
                 (3, 0.09685),
                 (4, 0.09853),
                 (5, 0.08965),
                 (6, 0.14035),
                 (7, 0.11531),
                 (8, 0.10909),
                 (9, 0.09734),
                 (10, 0.09734)],
     'missrate': [(1, 0.10383),
                  (2, 0.27133),
                  (3, 0.14208),
                  (4, 0.0847),
                  (5, 0.20818),
                  (6, 0.23003),
                  (7, 0.31547),
                  (8, 0.3016),
                  (9, 0.22478),
                  (10, 0.22205)],
     'precision': [(1, 0.8139),
                   (2, 0.86),
                   (3, 0.84468),
                   (4, 0.84054),
                   (5, 0.87043),
                   (6, 0.76327),
                   (7, 0.66762),
                   (8, 0.73584),
                   (9, 0.86285),
                   (10, 0.86325)],
     'recall': [(1, 0.89617),
                (2, 0.72867),
                (3, 0.85792),
                (4, 0.9153),
                (5, 0.79182),
                (6, 0.76997),
                (7, 0.68453),
                (8, 0.6984),
                (9, 0.77522),
                (10, 0.77795)]}


########################## (3) FedAdagrad ##########################

[SUMMARY]
Run finished 10 round(s) in 32.04s
    History (loss, distributed):
            round 1: 0.020410384889253456
            round 2: 0.017507263225338056
            round 3: 0.014254527407723188
            round 4: 0.014130791238387768
            round 5: 0.013834663375837837
            round 6: 0.01284253950416457
            round 7: 0.012314801257150468
            round 8: 0.012626039538988653
            round 9: 0.012477084370753969
            round 10: 0.012377717467887529
    History (metrics, distributed, evaluate):
    {'accuracy': [(1, 0.8901),
                  (2, 0.87115),
                  (3, 0.85688),
                  (4, 0.87115),
                  (5, 0.87104),
                  (6, 0.8663),
                  (7, 0.86944),
                  (8, 0.86785),
                  (9, 0.86487),
                  (10, 0.86487)],
     'auc': [(1, 0.89609),
             (2, 0.85603),
             (3, 0.82724),
             (4, 0.85603),
             (5, 0.88131),
             (6, 0.87774),
             (7, 0.87994),
             (8, 0.87858),
             (9, 0.81652),
             (10, 0.81652)],
     'f1_score': [(1, 0.85802),
                  (2, 0.80599),
                  (3, 0.77142),
                  (4, 0.80599),
                  (5, 0.82502),
                  (6, 0.81429),
                  (7, 0.82321),
                  (8, 0.82139),
                  (9, 0.77169),
                  (10, 0.77169)],
     'fallout': [(1, 0.09853),
                 (2, 0.09636),
                 (3, 0.09636),
                 (4, 0.09636),
                 (5, 0.09804),
                 (6, 0.09972),
                 (7, 0.09804),
                 (8, 0.09804),
                 (9, 0.093),
                 (10, 0.093)],
     'missrate': [(1, 0.10929),
                  (2, 0.19157),
                  (3, 0.24916),
                  (4, 0.19157),
                  (5, 0.13934),
                  (6, 0.14481),
                  (7, 0.14208),
                  (8, 0.14481),
                  (9, 0.27396),
                  (10, 0.27396)],
     'precision': [(1, 0.83697),
                   (2, 0.81282),
                   (3, 0.80117),
                   (4, 0.81282),
                   (5, 0.81092),
                   (6, 0.79906),
                   (7, 0.81046),
                   (8, 0.80998),
                   (9, 0.8244),
                   (10, 0.8244)],
     'recall': [(1, 0.89071),
                (2, 0.80843),
                (3, 0.75084),
                (4, 0.80843),
                (5, 0.86066),
                (6, 0.85519),
                (7, 0.85792),
                (8, 0.85519),
                (9, 0.72604),
                (10, 0.72604)]}


########################## (4) FedAdam ##########################

[SUMMARY]
Run finished 10 round(s) in 32.08s
    History (loss, distributed):
            round 1: 0.020410384889253456
            round 2: 0.018479966029255786
            round 3: 0.015279077570973142
            round 4: 0.014574236159024284
            round 5: 0.013796015635273147
            round 6: 0.016619159416054352
            round 7: 0.01352296892430756
            round 8: 0.041597349110119385
            round 9: 0.0415682495868468
            round 10: 0.04118208304702581
    History (metrics, distributed, evaluate):
    {'accuracy': [(1, 0.8917),
                  (2, 0.88707),
                  (3, 0.89005),
                  (4, 0.89831),
                  (5, 0.86327),
                  (6, 0.87765),
                  (7, 0.75796),
                  (8, 0.89665),
                  (9, 0.85997),
                  (10, 0.87578)],
     'auc': [(1, 0.89746),
             (2, 0.86917),
             (3, 0.86979),
             (4, 0.84415),
             (5, 0.81515),
             (6, 0.88944),
             (7, 0.6985),
             (8, 0.87736),
             (9, 0.84647),
             (10, 0.88488)],
     'f1_score': [(1, 0.8597),
                  (2, 0.8291),
                  (3, 0.85849),
                  (4, 0.81999),
                  (5, 0.76988),
                  (6, 0.8115),
                  (7, 0.51897),
                  (8, 0.83909),
                  (9, 0.79324),
                  (10, 0.83596)],
     'fallout': [(1, 0.09853),
                 (2, 0.09468),
                 (3, 0.08797),
                 (4, 0.08965),
                 (5, 0.093),
                 (6, 0.1009),
                 (7, 0.19128),
                 (8, 0.09468),
                 (9, 0.09636),
                 (10, 0.09636)],
     'missrate': [(1, 0.10656),
                  (2, 0.16698),
                  (3, 0.17245),
                  (4, 0.22205),
                  (5, 0.27669),
                  (6, 0.12022),
                  (7, 0.41173),
                  (8, 0.15059),
                  (9, 0.2107),
                  (10, 0.13388)],
     'precision': [(1, 0.83739),
                   (2, 0.82989),
                   (3, 0.89252),
                   (4, 0.86823),
                   (5, 0.82394),
                   (6, 0.77648),
                   (7, 0.53279),
                   (8, 0.83222),
                   (9, 0.80951),
                   (10, 0.82343)],
     'recall': [(1, 0.89344),
                (2, 0.83302),
                (3, 0.82755),
                (4, 0.77795),
                (5, 0.72331),
                (6, 0.87978),
                (7, 0.58827),
                (8, 0.84941),
                (9, 0.7893),
                (10, 0.86612)]}


########################## (5) FedYogi ##########################

[SUMMARY]
Run finished 10 round(s) in 31.72s
    History (loss, distributed):
            round 1: 0.020410384889253456
            round 2: 0.018479966029255786
            round 3: 0.015396806130732528
            round 4: 0.014648895266245073
            round 5: 0.014342032143410465
            round 6: 0.013248757482615989
            round 7: 0.013127786192159919
            round 8: 0.01289222204072322
            round 9: 0.01250320797408909
            round 10: 0.012540766929847947
    History (metrics, distributed, evaluate):
    {'accuracy': [(1, 0.8917),
                  (2, 0.87424),
                  (3, 0.87914),
                  (4, 0.88702),
                  (5, 0.90288),
                  (6, 0.88211),
                  (7, 0.90954),
                  (8, 0.87578),
                  (9, 0.88079),
                  (10, 0.86944)],
     'auc': [(1, 0.89746),
             (2, 0.88404),
             (3, 0.86286),
             (4, 0.89497),
             (5, 0.90758),
             (6, 0.88982),
             (7, 0.85424),
             (8, 0.82344),
             (9, 0.80332),
             (10, 0.81851)],
     'f1_score': [(1, 0.8597),
                  (2, 0.82861),
                  (3, 0.81478),
                  (4, 0.84256),
                  (5, 0.87081),
                  (6, 0.84886),
                  (7, 0.82457),
                  (8, 0.8175),
                  (9, 0.77961),
                  (10, 0.80292)],
     'fallout': [(1, 0.09853),
                 (2, 0.09804),
                 (3, 0.09636),
                 (4, 0.09804),
                 (5, 0.09468),
                 (6, 0.09468),
                 (7, 0.09133),
                 (8, 0.08462),
                 (9, 0.08629),
                 (10, 0.08629)],
     'missrate': [(1, 0.10656),
                  (2, 0.13388),
                  (3, 0.17791),
                  (4, 0.11202),
                  (5, 0.09016),
                  (6, 0.12568),
                  (7, 0.20019),
                  (8, 0.2685),
                  (9, 0.30706),
                  (10, 0.27669)],
     'precision': [(1, 0.83739),
                   (2, 0.81184),
                   (3, 0.81501),
                   (4, 0.81528),
                   (5, 0.8423),
                   (6, 0.83707),
                   (7, 0.85227),
                   (8, 0.92949),
                   (9, 0.9031),
                   (10, 0.9031)],
     'recall': [(1, 0.89344),
                (2, 0.86612),
                (3, 0.82209),
                (4, 0.88798),
                (5, 0.90984),
                (6, 0.87432),
                (7, 0.79981),
                (8, 0.7315),
                (9, 0.69294),
                (10, 0.72331)]}
