1 - FedAvg
FL finished in 21.854165561999253
losses_distributed [(1, 0.0039831575178372195), (2, 0.005663907146941956), (3, 0.0042430166756002715), (4, 0.003255992335583953), (5, 0.0031276063451070105), (6, 0.0031200615764463402), (7, 0.0030914525172547145), (8, 0.0030625652523385513), (9, 0.00304379458416241), (10, 0.0030186883398261007)]
metrics_distributed {'accuracy': [(1, 0.77184), (2, 0.87055), (3, 0.87715), (4, 0.8805), (5, 0.83772), (6, 0.8509), (7, 0.84921), (8, 0.85083), (9, 0.85248), (10, 0.84094)], 'recall': [(1, 0.93056), (2, 0.95556), (3, 0.96667), (4, 0.96111), (5, 0.91389), (6, 0.93889), (7, 0.94167), (8, 0.94722), (9, 0.95278), (10, 0.93889)], 'precision': [(1, 0.75784), (2, 0.88289), (3, 0.88154), (4, 0.88744), (5, 0.86529), (6, 0.86143), (7, 0.85923), (8, 0.85828), (9, 0.85742), (10, 0.85316)], 'f1_score': [(1, 0.83012), (2, 0.90606), (3, 0.91212), (4, 0.91276), (5, 0.8724), (6, 0.8869), (7, 0.88693), (8, 0.8895), (9, 0.89178), (10, 0.88122)], 'missrate': [(1, 0.06944), (2, 0.04444), (3, 0.03333), (4, 0.03889), (5, 0.08611), (6, 0.06111), (7, 0.05833), (8, 0.05278), (9, 0.04722), (10, 0.06111)], 'fallout': [(1, 0.45921), (2, 0.2535), (3, 0.25344), (4, 0.23711), (5, 0.27347), (6, 0.27743), (7, 0.28563), (8, 0.28973), (9, 0.29376), (10, 0.30189)], 'auc': [(1, 0.73567), (2, 0.85103), (3, 0.85661), (4, 0.862), (5, 0.82021), (6, 0.83073), (7, 0.82802), (8, 0.82875), (9, 0.82951), (10, 0.8185)]}


2 - FedAvgM
FL finished in 21.98244922199956
losses_distributed [(1, 0.0018527836434346417), (2, 0.005586188029122874), (3, 0.005807090596766165), (4, 0.005837972847615728), (5, 0.005816425398920383), (6, 0.005783887934277799), (7, 0.005797996899580257), (8, 0.005766578667978495), (9, 0.005761261930283491), (10, 0.005753825077473527)]
metrics_distributed {'accuracy': [(1, 0.91342), (2, 0.65658), (3, 0.83586), (4, 0.8375), (5, 0.86382), (6, 0.86219), (7, 0.89364), (8, 0.90022), (9, 0.87704), (10, 0.81939)], 'recall': [(1, 0.99444), (2, 0.78333), (3, 0.91111), (4, 0.925), (5, 0.98056), (6, 0.98611), (7, 0.98333), (8, 0.97778), (9, 0.96389), (10, 0.95278)], 'precision': [(1, 0.90691), (2, 0.66946), (3, 0.88129), (4, 0.87086), (5, 0.86098), (6, 0.85316), (7, 0.88885), (8, 0.90458), (9, 0.89159), (10, 0.82204)], 'f1_score': [(1, 0.94133), (2, 0.71292), (3, 0.87356), (4, 0.87812), (5, 0.90689), (6, 0.90572), (7, 0.9257), (8, 0.93079), (9, 0.91442), (10, 0.87042)], 'missrate': [(1, 0.00556), (2, 0.21667), (3, 0.08889), (4, 0.075), (5, 0.01944), (6, 0.01389), (7, 0.01667), (8, 0.02222), (9, 0.03611), (10, 0.04722)], 'fallout': [(1, 0.20479), (2, 0.52816), (3, 0.27413), (4, 0.29026), (5, 0.30639), (6, 0.31842), (7, 0.23718), (8, 0.21298), (9, 0.24974), (10, 0.375)], 'auc': [(1, 0.89483), (2, 0.62759), (3, 0.81849), (4, 0.81737), (5, 0.83709), (6, 0.83385), (7, 0.87308), (8, 0.8824), (9, 0.85708), (10, 0.78889)]}


3 - FedAdagrad
FL finished in 21.842873046000022
losses_distributed [(1, 0.0027167891342770737), (2, 0.005771458438649872), (3, 0.005754017686047177), (4, 0.005745518087369479), (5, 0.005733914976085078), (6, 0.005725974919391249), (7, 0.005716376175655193), (8, 0.005705126700308112), (9, 0.005690255153174251), (10, 0.005671154286577167)]
metrics_distributed {'accuracy': [(1, 0.82105), (2, 0.865), (3, 0.81612), (4, 0.9289), (5, 0.84737), (6, 0.89208), (7, 0.85066), (8, 0.88044), (9, 0.86057), (10, 0.87715)], 'recall': [(1, 0.88889), (2, 0.99167), (3, 0.92222), (4, 0.97778), (5, 0.94722), (6, 0.97222), (7, 0.94722), (8, 0.96944), (9, 0.95556), (10, 0.96389)], 'precision': [(1, 0.87892), (2, 0.83204), (3, 0.84581), (4, 0.91487), (5, 0.86626), (6, 0.89102), (7, 0.87065), (8, 0.88401), (9, 0.8751), (10, 0.88401)], 'f1_score': [(1, 0.8595), (2, 0.90142), (3, 0.86182), (4, 0.94289), (5, 0.89022), (6, 0.92176), (7, 0.89268), (8, 0.91501), (9, 0.90067), (10, 0.91183)], 'missrate': [(1, 0.11111), (2, 0.00833), (3, 0.07778), (4, 0.02222), (5, 0.05278), (6, 0.02778), (7, 0.05278), (8, 0.03056), (9, 0.04444), (10, 0.03611)], 'fallout': [(1, 0.27816), (2, 0.31895), (3, 0.33864), (4, 0.14225), (5, 0.29832), (6, 0.22481), (7, 0.29026), (8, 0.24941), (9, 0.27803), (10, 0.24941)], 'auc': [(1, 0.80536), (2, 0.83636), (3, 0.79179), (4, 0.91776), (5, 0.82445), (6, 0.8737), (7, 0.82848), (8, 0.86002), (9, 0.83876), (10, 0.85724)]}


4 - FedAdam
FL finished in 22.050720212999295
losses_distributed [(1, 0.0027167891342770737), (2, 0.005771598301477509), (3, 0.005756284046469397), (4, 0.005766671921645995), (5, 0.005824237821390084), (6, 0.005816579371438709), (7, 0.0057819681995157956), (8, 0.005783786540758787), (9, 0.005782135945157741), (10, 0.005773597180216325)]
metrics_distributed {'accuracy': [(1, 0.82105), (2, 0.88309), (3, 0.83257), (4, 0.63145), (5, 0.82928), (6, 0.94875), (7, 0.83914), (8, 0.93901), (9, 0.82434), (10, 0.94724)], 'recall': [(1, 0.88889), (2, 1.0), (3, 0.89444), (4, 0.72778), (5, 0.91111), (6, 1.0), (7, 0.91111), (8, 0.99722), (9, 0.90278), (10, 1.0)], 'precision': [(1, 0.87892), (2, 0.84478), (3, 0.89126), (4, 0.564), (5, 0.87117), (6, 0.92201), (7, 0.88594), (8, 0.91166), (9, 0.87111), (10, 0.92037)], 'f1_score': [(1, 0.8595), (2, 0.91339), (3, 0.86898), (4, 0.63075), (5, 0.86827), (6, 0.959), (7, 0.8761), (8, 0.95172), (9, 0.86271), (10, 0.95798)], 'missrate': [(1, 0.11111), (2, 0.0), (3, 0.10556), (4, 0.27222), (5, 0.08889), (6, 0.0), (7, 0.08889), (8, 0.00278), (9, 0.09722), (10, 0.0)], 'fallout': [(1, 0.27816), (2, 0.28669), (3, 0.258), (4, 0.50846), (5, 0.29026), (6, 0.12579), (7, 0.26606), (8, 0.14556), (9, 0.29026), (10, 0.12943)], 'auc': [(1, 0.80536), (2, 0.85666), (3, 0.81822), (4, 0.60966), (5, 0.81043), (6, 0.9371), (7, 0.82252), (8, 0.92583), (9, 0.80626), (10, 0.93529)]}


5 - FedYogi
FL finished in 22.18517934800002
losses_distributed [(1, 0.0027167891342770737), (2, 0.005771598301477509), (3, 0.005752626552919645), (4, 0.005730293421443588), (5, 0.005706322202674135), (6, 0.0056611375580464945), (7, 0.005611890093992055), (8, 0.005244294554917234), (9, 0.0041892841449099605), (10, 0.0036742060119439863)]
metrics_distributed {'accuracy': [(1, 0.82105), (2, 0.9423), (3, 0.82763), (4, 0.96346), (5, 0.80461), (6, 0.96355), (7, 0.77991), (8, 0.91675), (9, 0.82765), (10, 0.87862)], 'recall': [(1, 0.88889), (2, 1.0), (3, 0.91667), (4, 0.99722), (5, 0.91667), (6, 0.99444), (7, 0.90556), (8, 0.99722), (9, 0.93611), (10, 0.99722)], 'precision': [(1, 0.87892), (2, 0.9164), (3, 0.86369), (4, 0.94841), (5, 0.83218), (6, 0.94951), (7, 0.81132), (8, 0.90663), (9, 0.84593), (10, 0.86854)], 'f1_score': [(1, 0.8595), (2, 0.95509), (3, 0.86838), (4, 0.97114), (5, 0.85094), (6, 0.97066), (7, 0.83028), (8, 0.94314), (9, 0.87236), (10, 0.91958)], 'missrate': [(1, 0.11111), (2, 0.0), (3, 0.08333), (4, 0.00278), (5, 0.08333), (6, 0.00556), (7, 0.09444), (8, 0.00278), (9, 0.06389), (10, 0.00278)], 'fallout': [(1, 0.27816), (2, 0.14153), (3, 0.30235), (4, 0.08574), (5, 0.3588), (6, 0.08144), (7, 0.40323), (8, 0.20062), (9, 0.33051), (10, 0.29429)], 'auc': [(1, 0.80536), (2, 0.92924), (3, 0.80716), (4, 0.95574), (5, 0.77893), (6, 0.9565), (7, 0.75116), (8, 0.8983), (9, 0.8028), (10, 0.85147)]}

